================================================================================
 PARALLEL ODD-EVEN MERGESORT — EXECUTION REPORT
 Java 25.0.1  |  Cores: 12
================================================================================

OPERATION COUNT TABULATION
+---------------------------------+---------+----------------+------------+---------------+
| Run Label                       |    Size |    Comparisons |      Moves |    Elapsed    |
+---------------------------------+---------+----------------+------------+---------------+
| Random  | n=1000                |    1000 |         58,370 |     38,055 |       7.467 ms |
| Sorted  | n=1000                |    1000 |         58,370 |         24 |       2.372 ms |
| Random  | n=5000                |    5000 |        761,872 |    296,667 |      26.726 ms |
| Sorted  | n=5000                |    5000 |        761,872 |      3,192 |      20.754 ms |
| Random  | n=10000               |   10000 |      1,753,120 |    663,963 |      37.495 ms |
| Sorted  | n=10000               |   10000 |      1,753,120 |      6,384 |      42.130 ms |
+---------------------------------+---------+----------------+------------+---------------+

--------------------------------------------------------------------------------
10x10 MATRIX VISUAL VERIFICATION  (first 100 elements)
--------------------------------------------------------------------------------

[ Random  | n=1000 ]

UNSORTED (original order, first 100 elements):
     168     697     394     943      31      88     536     198     440     141
     815     880     586     226     754     523     635     489     424     220
     581     817     568     248     528     805     673     710     456     508
     465     503     811     679     884     991     376     184     148     423
     374      57     850     300     118     908     185     717     365     899
     390     552     865     723     973     495     416     505     750     285
     113     931     521     999     810     342     998     222     575     206
     219      93     528     865     639     798     695     949     560     510
     127     425     418     350     648      57     513     734      35     918
     321     597     907     917     104     443     278      96     403     724

SORTED:
       0       0       1       1       1       3       6       7       8       9
      12      13      15      16      17      19      21      21      21      23
      23      24      25      25      28      29      31      31      32      33
      33      33      34      35      35      37      38      38      38      38
      39      40      41      42      43      44      44      49      50      51
      53      54      55      55      57      57      57      59      60      60
      63      64      65      67      68      68      69      71      72      73
      74      75      76      76      77      77      77      79      80      80
      81      83      85      86      87      88      88      88      91      92
      92      92      93      94      96      96      96      97     100     100

[ Sorted  | n=1000 ]

UNSORTED (original order, first 100 elements):
       0       0       1       1       1       3       6       7       8       9
      12      13      15      16      17      19      21      21      21      23
      23      24      25      25      28      29      31      31      32      33
      33      33      34      35      35      37      38      38      38      38
      39      40      41      42      43      44      44      49      50      51
      53      54      55      55      57      57      57      59      60      60
      63      64      65      67      68      68      69      71      72      73
      74      75      76      76      77      77      77      79      80      80
      81      83      85      86      87      88      88      88      91      92
      92      92      93      94      96      96      96      97     100     100

SORTED:
       0       0       1       1       1       3       6       7       8       9
      12      13      15      16      17      19      21      21      21      23
      23      24      25      25      28      29      31      31      32      33
      33      33      34      35      35      37      38      38      38      38
      39      40      41      42      43      44      44      49      50      51
      53      54      55      55      57      57      57      59      60      60
      63      64      65      67      68      68      69      71      72      73
      74      75      76      76      77      77      77      79      80      80
      81      83      85      86      87      88      88      88      91      92
      92      92      93      94      96      96      96      97     100     100

[ Random  | n=5000 ]

UNSORTED (original order, first 100 elements):
     394     163     288     925     515     506     285     526     606     180
     350     636     272     872     775     368     786     233     645     117
     390     545     778     956     486     667     684     733     138     126
     181     953     681     439     516     254     472     232      24     103
     443     699     461     941     613     192     336     430     386      95
     986     820      58     391     297     830     489     550     399     736
     986     573      56     279     114     213     174     988      38     884
     346     507     965     669     653     732     143     219     598     155
     591     857     587     706     842     376     903     522      67      19
     744     349     487     838     765     919     355     622     575     524

SORTED:
       0       0       0       0       0       1       1       1       1       1
       1       1       1       2       2       2       2       2       2       3
       3       3       3       3       4       4       4       4       5       5
       5       6       6       6       7       7       7       7       8       8
       8       8       8       8       8       8       9       9       9       9
       9       9       9      10      10      11      11      12      12      12
      12      12      12      13      13      13      14      14      15      15
      16      16      16      16      17      17      17      17      17      18
      18      18      18      19      19      19      19      19      20      20
      20      21      21      21      21      21      21      21      21      22

[ Sorted  | n=5000 ]

UNSORTED (original order, first 100 elements):
       0       0       0       0       0       1       1       1       1       1
       1       1       1       2       2       2       2       2       2       3
       3       3       3       3       4       4       4       4       5       5
       5       6       6       6       7       7       7       7       8       8
       8       8       8       8       8       8       9       9       9       9
       9       9       9      10      10      11      11      12      12      12
      12      12      12      13      13      13      14      14      15      15
      16      16      16      16      17      17      17      17      17      18
      18      18      18      19      19      19      19      19      20      20
      20      21      21      21      21      21      21      21      21      22

SORTED:
       0       0       0       0       0       1       1       1       1       1
       1       1       1       2       2       2       2       2       2       3
       3       3       3       3       4       4       4       4       5       5
       5       6       6       6       7       7       7       7       8       8
       8       8       8       8       8       8       9       9       9       9
       9       9       9      10      10      11      11      12      12      12
      12      12      12      13      13      13      14      14      15      15
      16      16      16      16      17      17      17      17      17      18
      18      18      18      19      19      19      19      19      20      20
      20      21      21      21      21      21      21      21      21      22

[ Random  | n=10000 ]

UNSORTED (original order, first 100 elements):
     216     532     665     376     377     819     696     700     750     763
     562     837      40     319     218     871      78     720     292     608
     528     460     427     857     245     664     572     113     465      28
     362     798     177     808     172     285      69     376     462     984
     379      76     472      11     249     990     780     570     625     264
     514     519     910     452     455     840     902     618      24     914
     750     196      31     942    1000     896     648     918     143      13
     506     780     194     338     699      40     986     769     311     222
     259     420     576     672     745     922     411     886     837      23
      63     160     827      26     601     545     777     602     174     153

SORTED:
       0       0       0       0       0       0       0       1       1       1
       1       1       1       1       1       1       1       1       1       1
       2       2       2       2       2       2       2       2       2       2
       2       2       2       3       3       3       3       3       3       3
       3       3       4       4       4       4       4       4       4       4
       4       4       4       4       5       5       5       5       5       5
       5       6       6       6       6       6       6       6       7       7
       7       7       7       7       7       7       7       7       8       8
       8       8       8       8       8       8       8       8       9       9
       9       9       9       9       9       9       9       9       9       9

[ Sorted  | n=10000 ]

UNSORTED (original order, first 100 elements):
       0       0       0       0       0       0       0       1       1       1
       1       1       1       1       1       1       1       1       1       1
       2       2       2       2       2       2       2       2       2       2
       2       2       2       3       3       3       3       3       3       3
       3       3       4       4       4       4       4       4       4       4
       4       4       4       4       5       5       5       5       5       5
       5       6       6       6       6       6       6       6       7       7
       7       7       7       7       7       7       7       7       8       8
       8       8       8       8       8       8       8       8       9       9
       9       9       9       9       9       9       9       9       9       9

SORTED:
       0       0       0       0       0       0       0       1       1       1
       1       1       1       1       1       1       1       1       1       1
       2       2       2       2       2       2       2       2       2       2
       2       2       2       3       3       3       3       3       3       3
       3       3       4       4       4       4       4       4       4       4
       4       4       4       4       5       5       5       5       5       5
       5       6       6       6       6       6       6       6       7       7
       7       7       7       7       7       7       7       7       8       8
       8       8       8       8       8       8       8       8       9       9
       9       9       9       9       9       9       9       9       9       9
